:OPTIONS
OVendorID  = 0
OCreator   = "EluCad 2.1"
OScale     = 1

:JOB
cncdriver = "1.1"
info      = ""
JNo       = 1
Var0      = 0.000000
Var1      = 0.000000
Var2      = 0.000000
Var3      = 0.000000
Var4      = 0.000000
Var5      = 0.000000
Var6      = 0.000000
Var7      = 0.000000
Var8      = 0.000000
Var9      = 0.000000
Var10      = 0.000000
Var11      = 0.000000
Var12      = 0.000000
Var13      = 0.000000
Var14      = 0.000000
Var15      = 0.000000
Var16      = 0.000000
Var17      = 0.000000
Var18      = 0.000000
Var19      = 0.000000
